0733077412
0733077412
4547165911
2488294774
8457057794
4775635990
3180874528
1278846158
2073065560
5142879433
1490598206
8061783114
8657520379
7834465575
9875272445
8281724910
9930537224
6534591666
9494831811
9255897758
8008939993
1900662113
8447910945
0619269649
3572222811
0729668850
2047605969
6106293297
6075948057
1535788559
8994921863
2660763691
3403019077
2066848625
4634288796
3265705796
5384284911
8593949543
9672805972
0598082411
5473453832
6427674657
7754624699
9638515390
7527299753
6045958489
8104159953
8704095621
0120670249
9462823799
0086578268
0022753327
9116812553
7023841242
4981276660
2930546128
0317055364
5683302269
6523834386
5048618755
7929897585
5999740239
5844185090
9384470275
1328069977
6580572904
8313518503
8202566935
2103152581
1513280336
9509692605
7722218395
5780847027
8439674687
5020698553
1226030985
7726015608
2361457264
4127987386
2000143608
0745118699
3009398009
0546232520
1677839070
2684692856
1665116169
4343370316
4021015038
5928034052
6693578873
7924522464
8949392022
7108258014
5726076657
5535673287
6715223176
4584432863
6427573044
0127738653
7521661469
3268489477
7088971430
3618928886
7595836106
1244133968
2903973891
6603075408
8753070388
0285001683
3721858738
1373853604
4826573189
9255897758
